ESC/POS Command Specifications
302
Rev.2.52
Version
Cell Count on 
One Side
Mistake 
Correction Level
Number of 
Characters
English 
Characters
Binary
Kanji
16
81
L
1408
854
586
361
M
1082
656
450
277
Q
775
470
322
198
H
602
365
250
154
17
85
L
1548
938
644
397
M
1212
734
504
310
Q
876
531
364
224
H
674
408
280
173
18
89
L
1725
1046
718
442
M
1346
816
560
345
Q
948
574
394
243
H
746
452
310
191
19
93
L
1903
1153
792
488
M
1500
909
624
384
Q
1063
644
442
272
H
813
493
338
208
20
97
L
2061
1249
858
528
M
1600
970
666
410
Q
1159
702
482
297
H
919
557
382
235
21
101
L
2232
1352
929
572
M
1708
1035
711
438
Q
1224
742
509
314
H
969
587
403
248
22
105
L
2409
1460
1003
618
M
1872
1134
779
480
Q
1358
823
565
348
H
1056
640
439
270
23
109
L
2620
1588
1091
672
M
2059
1248
857
528
Q
1468
890
611
376
H
1108
672
461
284
24
113
L
2812
1704
1171
721
M
2188
1326
911
561
Q
1588
963
661
407
H
1228
744
511
315
25
117
L
3057
1853
1273
784
M
2395
1451
997
614
Q
1718
1041
715
440
H
1286
779
535
330
26
121
L
3283
1990
1367
842
M
2544
1542
1059
652
Q
1804
1094
751
462
H
1425
864
593
365
27
125
L
3514
2132
1465
902
M
2701
1637
1125
692
Q
1933
1172
805
496
H
1501
910
625
385
28
129
L
3669
2223
1528
940
M
2857
1732
1190
732
Q
2085
1263
868
534
H
1581
958
658
405
29
133
L
3909
2369
1628
1002
M
3035
1839
1264
778
Q
2181
1322
908
559
H
1677
1016
698
430
30
137
L
4158
2520
1732
1066
M
3289
1994
1370
843
Q
2358
1429
982
604
H
1782
1080
742
457
