  
――――――――――――――――――――――――――――――――――――――――――――――――――――――――――――――――――――――――――――― 
STAR Line Mode Command Specifications 
5-19 
5.4. Appendix 7 Maximum Number of Input Characters for Each Version of QR Code 
1) 
Model 1 Version and Maximum Number of Input Characters 
Version 
Cell Count on 
One Side 
Mistake 
Correction 
Level 
Number of 
Characters 
English 
Characters 
Binary 
Kanji 
1 
21 
L 
40 
24 
17 
10 
 
 
M 
33 
20 
14 
8 
 
 
Q 
25 
15 
11 
6 
 
 
H 
16 
10 
7 
4 
2 
25 
L 
81 
49 
34 
20 
 
 
M 
66 
40 
28 
17 
 
 
Q 
52 
31 
22 
13 
 
 
H 
33 
20 
14 
8 
3 
29 
L 
131 
79 
55 
33 
 
 
M 
100 
60 
42 
25 
 
 
Q 
81 
49 
34 
20 
 
 
H 
52 
31 
22 
13 
4 
33 
L 
186 
113 
78 
48 
 
 
M 
138 
84 
58 
35 
 
 
Q 
114 
69 
48 
29 
 
 
H 
76 
46 
32 
19 
5 
37 
L 
253 
154 
106 
65 
 
 
M 
191 
116 
80 
49 
 
 
Q 
157 
95 
66 
40 
 
 
H 
105 
63 
44 
27 
6 
41 
L 
321 
194 
134 
82 
 
 
M 
249 
151 
104 
64 
 
 
Q 
201 
122 
84 
51 
 
 
H 
133 
81 
56 
34 
7 
45 
L 
402 
244 
168 
103 
 
 
M 
311 
188 
130 
80 
 
 
Q 
253 
154 
106 
65 
 
 
H 
167 
101 
70 
43 
8 
49 
L 
493 
299 
206 
126 
 
 
M 
378 
229 
158 
97 
 
 
Q 
301 
183 
126 
77 
 
 
H 
203 
123 
85 
52 
9 
53 
L 
585 
354 
244 
150 
 
 
M 
441 
267 
184 
113 
 
 
Q 
369 
223 
154 
94 
 
 
H 
239 
145 
100 
61 
10 
57 
L 
690 
418 
287 
177 
 
 
M 
526 
319 
219 
135 
 
 
Q 
433 
262 
180 
111 
 
 
H 
291 
176 
121 
74 
11 
61 
L 
800 
485 
333 
205 
 
 
M 
608 
368 
253 
156 
 
 
Q 
493 
299 
205 
126 
 
 
H 
342 
207 
142 
87 
12 
65 
L 
915 
555 
381 
234 
 
 
M 
694 
421 
289 
178 
 
 
Q 
579 
351 
241 
148 
 
 
H 
390 
236 
162 
100 
13 
69 
L 
1030 
624 
429 
264 
 
 
M 
790 
479 
329 
202 
 
 
Q 
656 
398 
273 
168 
 
 
H 
454 
275 
189 
116 
14 
73 
L 
1167 
707 
486 
299 
 
 
M 
877 
531 
365 
225 
 
 
Q 
738 
447 
307 
189 
 
 
H 
498 
302 
207 
127 
 
