  
――――――――――――――――――――――――――――――――――――――――――――――――――――――――――――――――――――――――――――― 
STAR Line Mode Command Specifications 
5-20 
2) 
Model 2 Version and Maximum Number of Input Characters 
Version 
Cell Count on 
One Side 
Mistake 
Correction 
Level 
Number of 
Characters 
English 
Characters 
Binary 
Kanji 
1 
21 
L 
41 
25 
17 
10 
 
 
M 
34 
20 
14 
8 
 
 
Q 
27 
16 
11 
7 
 
 
H 
17 
10 
7 
4 
2 
25 
L 
77 
47 
32 
20 
 
 
M 
63 
38 
26 
16 
 
 
Q 
48 
29 
20 
12 
 
 
H 
34 
20 
14 
8 
3 
29 
L 
127 
77 
53 
32 
 
 
M 
101 
61 
42 
26 
 
 
Q 
77 
47 
32 
20 
 
 
H 
58 
35 
24 
15 
4 
33 
L 
187 
114 
78 
48 
 
 
M 
149 
90 
62 
38 
 
 
Q 
111 
67 
46 
28 
 
 
H 
82 
50 
34 
21 
5 
37 
L 
255 
154 
106 
65 
 
 
M 
202 
122 
84 
52 
 
 
Q 
144 
87 
60 
37 
 
 
H 
106 
64 
44 
27 
6 
41 
L 
322 
195 
134 
82 
 
 
M 
255 
154 
106 
65 
 
 
Q 
178 
108 
74 
45 
 
 
H 
139 
84 
58 
36 
7 
45 
L 
370 
224 
154 
95 
 
 
M 
293 
178 
122 
75 
 
 
Q 
207 
125 
86 
53 
 
 
H 
154 
93 
64 
39 
8 
49 
L 
461 
279 
192 
118 
 
 
M 
365 
221 
152 
93 
 
 
Q 
259 
157 
108 
66 
 
 
H 
202 
122 
84 
52 
9 
53 
L 
552 
335 
230 
141 
 
 
M 
432 
262 
180 
111 
 
 
Q 
312 
189 
130 
80 
 
 
H 
235 
143 
98 
60 
10 
57 
L 
652 
395 
271 
167 
 
 
M 
513 
311 
213 
131 
 
 
Q 
364 
221 
151 
93 
 
 
H 
288 
174 
119 
74 
11 
61 
L 
772 
468 
321 
198 
 
 
M 
604 
366 
251 
155 
 
 
Q 
427 
259 
177 
109 
 
 
H 
331 
200 
137 
85 
12 
65 
L 
883 
535 
367 
226 
 
 
M 
691 
419 
287 
177 
 
 
Q 
489 
296 
203 
125 
 
 
H 
374 
227 
155 
96 
13 
69 
L 
1022 
619 
425 
262 
 
 
M 
796 
483 
331 
204 
 
 
Q 
580 
352 
241 
149 
 
 
H 
427 
259 
177 
109 
14 
73 
L 
1101 
667 
458 
282 
 
 
M 
871 
528 
362 
223 
 
 
Q 
621 
376 
258 
159 
 
 
H 
468 
283 
194 
120 
15 
77 
L 
1250 
758 
520 
320 
 
 
M 
991 
600 
412 
254 
 
 
Q 
703 
426 
292 
180 
 
 
H 
530 
321 
220 
136 
 
